000000
011110
000010
011110
100010
100010
011110

100000
100000
111100
100010
100010
100010
111100

000000
011100
100010
100000
100000
100010
011100

000010
000010
011110
100010
100010
100010
011110

000000
011100
100010
111110
100000
100010
011100

011100
100010
100000
111100
100000
100000
100000

000000
011110
100010
100010
011110
000010
111100

100000
100000
101100
110010
100010
100010
100010

000000
011000
000000
011100
010000
010000
010000

000000
000110
000000
000110
000010
010010
001100

100000
100100
101000
111000
100100
100010
100010

100000
100000
100000
100000
100000
100010
011100

000000
110100
101010
101010
101010
101010
101010

000000
101100
110010
100010
100010
100010
100010

000000
011100
100010
100010
100010
100010
011100

000000
111100
100010
100010
111100
100000
100000

000000
011110
100010
100010
011110
000010
000010

000000
101100
110010
100000
100000
100000
100000

000000
011110
100000
011100
000010
000010
111100

010000
010000
111100
010000
010000
010010
001100

000000
100010
100010
100010
100010
100010
011100

000000
100010
100010
100010
100010
010100
001000

000000
100010
100010
100010
101010
101010
010100

000000
100010
010100
001000
010100
100010
100010

000000
100010
100010
011110
000010
100010
011100

000000
111110
000010
000100
001000
010000
111110

000000
000000
000000
010000
000000
010000
000000

000000
001000
001000
111110
001000
001000
000000

000000
000000
000000
111110
000000
000000
000000

000000
000000
111110
000000
111110
000000
000000
